id,klass
1,0
2,1
3,0
4,1
5,0
6,0
7,0
8,0
9,1
10,1
11,0
12,1
13,1
14,1
15,0
16,0
17,0
18,1
19,0
20,0
21,1
22,1
23,1
24,0
25,1
26,1
27,1
28,1
29,0
30,1
31,1
32,0
33,0
34,0
35,0
36,0
37,1
38,1
39,0
40,0
41,0
42,1
43,0
44,1
45,1
46,0
47,1
48,1
49,1
50,0
51,1
52,0
53,1
54,1
55,1
56,0
57,1
58,0
59,1
60,0
61,0
62,0
63,0
64,0
65,0
66,0
67,1
68,1
69,0
70,0
71,0
72,1
73,0
74,1
75,0
76,1
77,1
78,1
79,0
80,0
81,1
82,1
83,0
84,1
85,0
86,0
87,1
88,0
89,0
90,0
91,0
92,0
93,0
94,0
95,0
96,0
97,0
98,0
99,1
100,0
101,1
102,1
103,1
104,0
105,0
106,1
107,1
108,1
109,0
110,0
111,0
112,0
113,1
114,0
115,1
116,1
117,1
118,0
119,1
120,1
121,1
122,1
123,1
124,0
125,1
126,1
127,0
128,0
129,0
130,0
131,0
132,1
133,0
134,0
135,0
136,0
137,0
138,0
139,1
140,1
141,0
142,0
143,1
144,0
145,0
146,1
147,1
148,0
149,0
150,0
151,1
152,1
153,0
154,1
155,0
156,0
157,1
158,0
159,1
160,0
161,1
162,0
163,1
164,1
165,0
166,0
167,1
168,1
169,0
170,0
171,0
172,0
173,0
174,0
175,0
176,0
177,0
178,0
179,0
180,1
181,0
182,0
183,0
184,0
185,0
186,0
187,1
188,0
189,0
190,0
191,0
192,0
193,0
194,0
195,0
196,0
197,0
198,0
199,0
200,1
201,1
202,1
203,1
204,0
205,0
206,0
207,1
208,0
209,1
210,1
211,1
212,0
213,1
214,0
215,0
216,1
217,0
218,1
219,0
220,0
221,0
222,0
223,0
224,0
225,1
226,0
227,0
228,0
229,0
230,0
231,1
232,0
233,0
234,1
235,0
236,0
237,1
238,0
239,0
240,1
241,1
242,1
243,0
244,0
245,0
246,0
247,0
248,0
249,1
250,0
251,0
252,1
253,0
254,1
255,0
256,1
257,1
258,1
259,0
260,1
261,1
262,0
263,1
264,0
265,0
266,0
267,0
268,0
269,1
270,0
271,0
272,0
273,0
274,1
275,0
276,0
277,0
278,0
279,0
280,0
281,1
282,1
283,1
284,1
285,0
286,0
287,0
288,0
289,1
290,0
291,1
292,0
293,1
294,0
295,0
296,0
297,0
298,1
299,0
300,0
301,0
302,0
303,1
304,0
305,0
306,1
307,0
308,0
309,1
310,0
311,0
312,1
313,0
314,0
315,0
316,0
317,0
318,1
319,0
320,0
321,0
322,0
323,0
324,0
325,0
326,1
327,0
328,1
329,0
330,0
331,0
332,0
333,0
334,0
335,1
336,1
337,0
338,1
339,1
340,0
341,0
342,0
343,0
344,0
345,1
346,0
347,1
348,0
349,0
350,0
351,0
352,1
353,0
354,1
355,1
356,0
357,0
358,0
359,0
360,0
361,0
362,1
363,0
364,1
365,0
366,1
367,1
368,0
369,0
370,1
371,0
372,0
373,1
374,0
375,0
376,0
377,0
378,0
379,0
380,0
381,0
382,0
383,0
384,1
385,0
386,1
387,1
388,0
389,1
390,0
391,1
392,0
393,0
394,0
395,1
396,0
397,1
398,0
399,0
400,0
401,0
402,0
403,0
404,0
405,0
406,0
407,0
408,0
409,1
410,1
411,1
412,1
413,0
414,1
415,0
416,0
417,0
418,0
419,0
420,0
421,0
422,0
423,0
424,1
425,0
426,0
427,0
428,0
429,0
430,0
431,0
432,0
433,1
434,0
435,0
436,0
437,1
438,0
439,0
440,1
441,0
442,0
443,0
444,0
445,0
446,0
447,0
448,0
449,0
450,1
451,1
452,0
453,0
454,1
455,1
456,1
457,0
458,1
459,1
460,0
461,0
462,1
463,0
464,1
465,0
466,0
467,1
468,1
469,1
470,0
471,1
472,0
473,0
474,1
475,0
476,0
477,1
478,0
479,1
480,0
481,1
482,0
483,0
484,1
485,1
486,0
487,0
488,0
489,0
490,0
491,0
492,0
493,0
494,0
495,1
496,0
497,1
498,1
499,0
500,0
501,0
502,0
503,0
504,1
505,0
506,0
507,1
508,0
509,1
510,0
511,1
512,0
513,0
514,0
515,0
516,0
517,1
518,0
519,1
520,0
521,1
522,0
523,0
524,0
525,0
526,0
527,1
528,1
529,0
530,1
531,0
532,0
533,1
534,0
535,0
536,1
537,1
538,1
539,1
540,0
541,1
542,1
543,1
544,1
545,0
546,0
547,0
548,1
549,1
550,1
551,0
552,0
553,1
554,1
555,1
556,0
557,0
558,1
559,0
560,1
561,1
562,0
563,0
564,0
565,1
566,0
567,1
568,0
569,0
570,0
571,0
572,1
573,1
574,1
575,0
576,1
577,0
578,1
579,0
580,0
581,0
582,0
583,0
584,0
585,0
586,1
587,0
588,0
589,1
590,1
591,0
592,1
593,1
594,0
595,1
596,0
597,0
598,1
599,0
600,0
601,0
602,0
603,1
604,1
605,1
606,0
607,0
608,0
609,0
610,1
611,0
612,1
613,0
614,0
615,0
616,0
617,0
618,0
619,0
620,0
621,0
622,1
623,0
624,0
625,0
626,1
627,1
628,1
629,1
630,0
631,1
632,0
633,1
634,1
635,0
636,1
637,0
638,0
639,0
640,1
641,0
642,1
643,0
644,0
645,1
646,0
647,0
648,1
649,1
650,0
651,0
652,0
653,0
654,1
655,0
656,0
657,1
658,1
659,0
660,1
661,0
662,0
663,0
664,0
665,0
666,0
667,1
668,1
669,0
670,0
671,0
672,1
673,1
674,0
675,1
676,1
677,0
678,0
679,1
680,1
681,0
682,1
683,1
684,0
685,0
686,1
687,0
688,0
689,0
690,0
691,0
692,0
693,1
694,0
695,0
696,1
697,0
698,1
699,1
700,0
701,0
702,0
703,0
704,0
705,1
706,1
707,1
708,1
709,1
710,0
711,0
712,1
713,0
714,0
715,0
716,1
717,0
718,0
719,0
720,0
721,0
722,0
723,0
724,1
725,0
726,0
727,1
728,0
729,0
730,0
731,0
732,1
733,1
734,1
735,1
736,1
737,1
738,0
739,1
740,1
741,0
742,0
743,0
744,0
745,1
746,0
747,0
748,0
749,0
750,1
751,0
752,1
753,0
754,0
755,1
756,1
757,1
758,0
759,0
760,1
761,1
762,0
763,0
764,0
765,1
766,0
767,0
768,0
769,0
770,0
771,0
772,1
773,1
774,1
775,0
776,0
777,1
778,0
779,1
780,0
781,1
782,0
783,1
784,0
785,0
786,0
787,0
788,0
789,0
790,1
791,0
792,0
793,0
794,1
795,0
796,1
797,0
798,0
799,0
800,0
801,1
802,1
803,0
804,0
805,1
806,0
807,1
808,0
809,1
810,0
811,1
812,0
813,1
814,0
815,0
816,0
817,0
818,1
819,0
820,1
821,0
822,0
823,0
824,1
825,0
826,1
827,1
828,0
829,1
830,1
831,0
832,0
833,1
834,0
835,0
836,1
837,0
838,1
839,1
840,1
841,0
842,1
843,1
844,0
845,1
846,0
847,1
848,0
849,0
850,0
851,1
852,0
853,1
854,1
855,1
856,0
857,0
858,1
859,0
860,0
861,1
862,0
863,1
864,0
865,0
866,0
867,1
868,1
869,1
870,0
871,0
872,0
873,0
874,1
875,0
876,1
877,0
878,0
879,0
880,1
881,0
882,0
883,0
884,0
885,0
886,0
887,1
888,0
889,0
890,0
891,0
892,1
893,1
894,0
895,1
896,0
897,0
898,1
899,1
900,0
901,1
902,1
903,1
904,1
905,0
906,1
907,0
908,0
909,0
910,0
911,0
912,0
913,0
914,0
915,0
916,0
917,0
918,0
919,1
920,0
921,0
922,0
923,0
924,0
925,0
926,1
927,0
928,0
929,1
930,1
931,0
932,0
933,0
934,0
935,1
936,1
937,1
938,0
939,1
940,0
941,0
942,1
943,0
944,1
945,0
946,0
947,0
948,1
949,0
950,0
951,0
952,0
953,0
954,0
955,0
956,0
957,0
958,1
959,0
960,0
961,0
962,0
963,0
964,0
965,0
966,1
967,1
968,0
969,0
970,1
971,0
972,0
973,1
974,0
975,1
976,1
977,1
978,0
979,0
980,0
981,1
982,1
983,0
984,0
985,1
986,1
987,1
988,1
989,0
990,0
991,0
992,0
993,0
994,1
995,0
996,0
997,0
998,0
999,1
1000,0
1001,1
1002,0
1003,0
1004,0
1005,0
1006,0
1007,1
1008,1
1009,0
1010,0
1011,0
1012,0
1013,1
1014,0
1015,0
1016,0
1017,1
1018,1
1019,0
1020,0
1021,0
1022,0
1023,0
1024,0
1025,1
1026,1
1027,1
1028,0
1029,1
1030,0
1031,0
1032,0
1033,0
1034,0
1035,0
1036,1
1037,0
1038,0
1039,0
1040,0
1041,0
1042,1
1043,0
1044,0
1045,1
1046,0
1047,1
1048,0
1049,0
1050,0
1051,1
1052,0
1053,1
1054,0
1055,0
1056,0
1057,0
1058,0
1059,1
1060,0
1061,0
1062,1
1063,1
1064,0
1065,1
1066,0
1067,0
1068,0
1069,0
1070,1
1071,1
1072,0
1073,0
1074,0
1075,0
1076,1
1077,0
1078,0
1079,1
1080,0
1081,1
1082,0
1083,0
1084,0
1085,0
1086,1
1087,1
1088,0
1089,1
1090,0
1091,0
1092,1
1093,0
1094,0
1095,0
1096,0
1097,1
1098,1
1099,1
1100,1
1101,1
1102,0
1103,0
1104,1
1105,1
1106,1
1107,1
1108,1
1109,1
1110,1
1111,1
1112,1
1113,1
1114,0
1115,1
1116,1
1117,1
1118,1
1119,0
1120,0
1121,0
1122,0
1123,1
1124,0
1125,1
1126,0
1127,1
1128,0
1129,1
1130,1
1131,0
1132,0
1133,0
1134,0
1135,1
1136,0
1137,0
1138,0
1139,0
1140,0
1141,0
1142,0
1143,0
1144,0
1145,1
1146,0
1147,0
1148,1
1149,0
1150,1
1151,0
1152,0
1153,1
1154,0
1155,1
1156,1
1157,0
1158,1
1159,0
1160,0
1161,1
1162,0
1163,0
1164,0
1165,0
1166,0
1167,0
1168,0
1169,0
1170,0
1171,1
1172,0
1173,0
1174,1
1175,0
1176,0
1177,0
1178,0
1179,0
1180,0
1181,1
1182,1
1183,0
1184,0
1185,1
1186,0
1187,1
1188,1
1189,0
1190,0
1191,0
1192,1
1193,1
1194,1
1195,1
1196,0
1197,1
1198,1
1199,0
1200,0
1201,0
1202,0
1203,0
1204,1
1205,1
1206,0
1207,0
1208,0
1209,0
1210,0
1211,0
1212,0
1213,1
1214,0
1215,1
1216,0
1217,1
1218,1
1219,0
1220,0
1221,0
1222,0
1223,0
1224,1
1225,1
1226,0
1227,0
1228,1
1229,0
1230,1
1231,0
1232,0
1233,1
1234,1
1235,0
1236,0
1237,1
1238,1
1239,0
1240,0
1241,0
1242,1
1243,0
1244,0
1245,1
1246,1
1247,1
1248,1
1249,1
1250,0
1251,0
1252,1
1253,1
1254,1
1255,0
1256,0
1257,0
1258,0
1259,1
1260,0
1261,0
1262,1
1263,1
1264,1
1265,0
1266,1
1267,1
1268,0
1269,0
1270,0
1271,0
1272,1
1273,1
1274,1
1275,0
1276,0
1277,1
1278,0
1279,1
1280,0
1281,1
1282,1
1283,0
1284,0
1285,1
1286,1
1287,0
1288,1
1289,0
1290,1
1291,1
1292,1
1293,0
1294,0
1295,1
1296,1
1297,0
1298,0
1299,1
1300,1
1301,1
1302,1
1303,0
1304,1
1305,0
1306,0
1307,0
1308,1
1309,1
1310,0
1311,1
1312,0
1313,0
1314,1
1315,0
1316,1
1317,0
1318,1
1319,0
1320,0
1321,1
1322,0
1323,1
1324,1
1325,0
1326,1
1327,0
1328,1
1329,0
1330,1
1331,1
1332,1
1333,0
1334,0
1335,0
1336,0
1337,0
1338,0
1339,0
1340,0
1341,0
1342,0
1343,1
1344,1
1345,1
1346,0
1347,0
1348,0
1349,0
1350,1
1351,0
1352,0
1353,0
1354,0
1355,0
1356,1
1357,0
1358,0
1359,1
1360,0
1361,1
1362,1
1363,0
1364,0
1365,0
1366,1
1367,0
1368,1
1369,0
1370,1
1371,0
1372,0
1373,1
1374,1
1375,1
1376,0
1377,1
1378,0
1379,0
1380,1
1381,0
1382,1
1383,0
1384,1
1385,0
1386,1
1387,1
1388,1
1389,0
1390,1
1391,0
1392,0
1393,0
1394,1
1395,0
1396,0
1397,1
1398,0
1399,0
1400,0
1401,1
1402,1
1403,0
1404,0
1405,0
1406,1
1407,0
1408,0
1409,1
1410,0
1411,1
1412,0
1413,0
1414,1
1415,0
1416,0
1417,0
1418,1
1419,1
1420,0
1421,1
1422,1
1423,0
1424,0
1425,0
1426,0
1427,0
1428,0
1429,1
1430,0
1431,0
1432,0
1433,1
1434,0
1435,1
1436,0
1437,1
1438,0
1439,0
1440,1
1441,1
1442,1
1443,1
1444,0
1445,1
1446,0
1447,0
1448,0
1449,1
1450,0
1451,0
1452,1
1453,1
1454,0
1455,0
1456,0
1457,1
1458,1
1459,0
1460,0
1461,1
1462,1
1463,0
1464,1
1465,1
1466,0
1467,0
1468,1
1469,1
1470,0
1471,0
1472,1
1473,0
1474,0
1475,1
1476,0
1477,1
1478,0
1479,1
1480,0
1481,0
1482,0
1483,0
1484,0
1485,1
1486,0
1487,0
1488,0
1489,1
1490,0
1491,0
1492,0
1493,0
1494,0
1495,1
1496,0
1497,1
1498,0
1499,0
1500,1
1501,0
1502,1
1503,0
1504,1
1505,0
1506,0
1507,0
1508,1
1509,0
1510,0
1511,1
1512,1
1513,0
1514,0
1515,0
1516,1
1517,1
1518,1
1519,0
1520,1
1521,0
1522,0
1523,1
1524,1
1525,0
1526,1
1527,0
1528,0
1529,1
1530,1
1531,1
1532,1
1533,0
1534,0
1535,0
1536,0
1537,1
1538,0
1539,0
1540,0
1541,1
1542,1
1543,0
1544,1
1545,0
1546,1
1547,0
1548,0
1549,0
1550,1
1551,0
1552,1
1553,0
1554,0
1555,0
1556,0
1557,1
1558,1
1559,0
1560,0
1561,0
1562,0
1563,0
1564,1
1565,0
1566,1
1567,1
1568,0
1569,1
1570,1
1571,0
1572,0
1573,1
1574,0
1575,0
1576,0
1577,0
1578,0
1579,0
1580,1
1581,1
1582,0
1583,1
1584,0
1585,0
1586,0
1587,0
1588,0
1589,1
1590,0
1591,0
1592,0
1593,0
1594,1
1595,0
1596,0
1597,1
1598,0
1599,0
1600,0
1601,1
1602,0
1603,1
1604,1
1605,0
1606,0
1607,0
1608,0
1609,1
1610,1
1611,1
1612,0
1613,1
1614,0
1615,0
1616,0
1617,0
1618,0
1619,0
1620,0
1621,0
1622,0
1623,1
1624,0
1625,1
1626,0
1627,0
1628,0
1629,0
1630,0
1631,0
1632,0
1633,0
1634,0
1635,1
1636,0
1637,0
1638,0
1639,0
1640,1
1641,0
1642,0
1643,0
1644,0
1645,1
1646,0
1647,1
1648,1
1649,0
1650,0
1651,0
1652,1
1653,0
1654,0
1655,1
1656,0
1657,0
1658,1
1659,0
1660,0
1661,1
1662,1
1663,0
1664,0
1665,1
1666,1
1667,1
1668,1
1669,1
1670,0
1671,0
1672,0
1673,0
1674,1
1675,0
1676,0
1677,0
1678,0
1679,0
1680,1
1681,0
1682,1
1683,0
1684,0
1685,1
1686,0
1687,0
1688,1
1689,0
1690,0
1691,1
1692,0
1693,0
1694,1
1695,0
1696,0
1697,0
1698,0
1699,0
1700,0
1701,0
1702,1
1703,0
1704,1
1705,1
1706,0
1707,1
1708,1
1709,0
1710,0
1711,1
1712,0
1713,0
1714,0
1715,1
1716,0
1717,1
1718,0
1719,0
1720,0
1721,0
1722,1
1723,1
1724,0
1725,0
1726,0
1727,0
1728,0
1729,1
1730,1
1731,0
1732,1
1733,1
1734,0
1735,0
1736,0
1737,1
1738,1
1739,0
1740,0
1741,1
1742,1
1743,0
1744,1
1745,1
1746,0
1747,1
1748,1
1749,1
1750,0
1751,0
1752,1
1753,0
1754,0
1755,0
1756,1
1757,0
1758,0
1759,0
1760,0
1761,1
1762,0
1763,1
1764,0
1765,0
1766,0
1767,1
1768,1
1769,1
1770,0
1771,0
1772,0
1773,0
1774,1
1775,0
1776,1
1777,1
1778,1
1779,1
1780,0
1781,1
1782,0
1783,0
1784,0
1785,0
1786,1
1787,0
1788,0
1789,1
1790,1
1791,0
1792,0
1793,0
1794,0
1795,1
1796,0
1797,0
1798,1
1799,0
1800,1
1801,0
1802,1
1803,0
1804,1
1805,1
1806,1
1807,0
1808,0
1809,0
1810,1
1811,0
1812,0
1813,1
1814,0
1815,0
1816,0
1817,0
1818,1
1819,0
1820,1
1821,1
1822,0
1823,1
1824,0
1825,0
1826,0
1827,0
1828,1
1829,1
1830,0
1831,0
1832,1
1833,0
1834,0
1835,1
1836,0
1837,0
1838,0
1839,0
1840,0
1841,0
1842,0
1843,1
1844,1
1845,0
1846,1
1847,0
1848,1
1849,0
1850,0
1851,0
1852,0
1853,1
1854,0
1855,0
1856,0
1857,1
1858,0
1859,0
1860,1
1861,1
1862,1
1863,0
1864,0
1865,0
1866,0
1867,0
1868,0
1869,0
1870,1
1871,1
1872,0
1873,0
1874,1
1875,0
1876,1
1877,0
1878,0
1879,0
1880,1
1881,0
1882,0
1883,1
1884,0
1885,0
1886,1
1887,1
1888,0
1889,0
1890,1
1891,1
1892,0
1893,0
1894,0
1895,0
1896,0
1897,0
1898,1
1899,0
1900,1
1901,0
1902,1
1903,1
1904,1
1905,0
1906,0
1907,0
1908,1
1909,0
1910,1
1911,1
1912,0
1913,0
1914,0
1915,0
1916,0
1917,0
1918,0
1919,1
1920,0
1921,1
1922,0
1923,0
1924,1
1925,0
1926,1
1927,1
1928,1
1929,1
1930,0
1931,0
1932,0
1933,0
1934,0
1935,0
1936,1
1937,1
1938,0
1939,1
1940,0
1941,1
1942,0
1943,1
1944,0
1945,1
1946,0
1947,1
1948,1
1949,0
1950,0
1951,1
1952,0
1953,1
1954,1
1955,0
1956,0
1957,0
1958,1
1959,0
1960,1
1961,0
1962,0
1963,0
1964,0
1965,0
1966,1
1967,0
1968,1
1969,0
1970,1
1971,0
1972,0
1973,0
1974,1
1975,0
1976,1
1977,1
1978,1
1979,0
1980,0
1981,0
1982,0
1983,0
1984,1
1985,0
1986,0
1987,0
1988,0
1989,0
1990,0
1991,0
1992,0
1993,0
1994,0
1995,0
1996,0
1997,0
1998,1
1999,0
2000,0
2001,0
2002,0
2003,1
2004,0
2005,1
2006,0
2007,0
2008,0
2009,0
2010,0
2011,0
2012,0
2013,0
2014,1
2015,0
2016,1
2017,0
2018,0
2019,0
2020,1
2021,1
2022,0
2023,1
2024,1
2025,0
2026,1
2027,0
2028,1
2029,1
2030,0
2031,0
2032,1
2033,0
2034,0
2035,0
2036,0
2037,1
2038,1
2039,0
2040,0
2041,0
2042,0
2043,1
2044,1
2045,0
2046,0
2047,0
2048,0
2049,0
2050,0
2051,0
2052,0
2053,1
2054,0
2055,0
2056,0
2057,0
2058,1
2059,0
2060,0
2061,1
2062,1
2063,1
2064,0
2065,0
2066,1
2067,0
2068,1
2069,0
2070,0
2071,1
2072,0
2073,0
2074,0
2075,1
2076,1
2077,0
2078,1
2079,1
2080,1
2081,0
2082,1
2083,1
2084,0
2085,1
2086,0
2087,0
2088,0
2089,0
2090,0
2091,0
2092,1
2093,1
2094,0
2095,0
2096,0
2097,0
2098,1
2099,0
2100,1
2101,0
2102,1
2103,0
2104,0
2105,1
2106,0
2107,1
2108,1
2109,1
2110,0
2111,0
2112,0
2113,0
2114,1
2115,1
2116,0
2117,0
2118,0
2119,0
2120,0
2121,1
2122,1
2123,0
2124,0
2125,0
2126,0
2127,1
2128,1
2129,0
2130,0
2131,0
2132,0
2133,0
2134,1
2135,1
2136,0
2137,0
2138,0
2139,1
2140,1
2141,1
2142,0
2143,0
2144,0
2145,0
2146,1
2147,0
2148,1
2149,1
2150,0
2151,0
2152,1
2153,0
2154,0
2155,0
2156,1
2157,0
2158,0
2159,0
2160,1
2161,0
2162,1
2163,0
2164,1
2165,1
2166,1
2167,0
2168,0
2169,1
2170,0
2171,0
2172,1
2173,0
2174,1
2175,0
2176,1
2177,0
2178,1
2179,0
2180,0
2181,0
2182,0
2183,0
2184,0
2185,0
2186,1
2187,0
2188,0
2189,0
2190,1
2191,1
2192,0
2193,1
2194,0
2195,1
2196,0
2197,0
2198,0
2199,0
2200,1
2201,0
2202,0
2203,1
2204,0
2205,0
2206,0
2207,1
2208,1
2209,0
2210,0
2211,0
2212,1
2213,1
2214,1
2215,1
2216,1
2217,1
2218,0
2219,1
2220,1
2221,0
2222,1
2223,1
2224,0
2225,1
2226,1
2227,1
2228,1
2229,0
2230,1
2231,0
2232,0
2233,0
2234,1
2235,0
2236,0
2237,0
2238,0
2239,1
2240,1
2241,1
2242,0
2243,1
2244,0
2245,1
2246,0
2247,1
2248,1
2249,0
2250,1
2251,0
2252,1
2253,0
2254,1
2255,1
2256,1
2257,0
2258,1
2259,0
2260,0
2261,0
2262,0
2263,1
2264,1
2265,1
2266,1
2267,0
2268,0
2269,0
2270,0
2271,0
2272,1
2273,1
2274,1
2275,0
2276,0
2277,0
2278,1
2279,0
2280,1
2281,1
2282,0
2283,0
2284,1
2285,0
2286,0
2287,1
2288,1
2289,0
2290,0
2291,1
2292,1
2293,1
2294,1
2295,1
2296,0
2297,0
2298,1
2299,1
2300,1
2301,1
2302,0
2303,0
2304,0
2305,1
2306,1
2307,0
2308,1
2309,0
2310,0
2311,1
2312,0
2313,0
2314,0
2315,1
2316,0
2317,0
2318,1
2319,0
2320,0
2321,1
2322,0
2323,1
2324,0
2325,0
2326,0
2327,0
2328,0
2329,0
2330,1
2331,0
2332,1
2333,1
2334,1
2335,0
2336,1
2337,0
2338,0
2339,0
2340,0
2341,0
2342,1
2343,0
2344,1
2345,0
2346,1
2347,0
2348,0
2349,0
2350,0
2351,0
2352,1
2353,0
2354,1
2355,0
2356,1
2357,0
2358,0
2359,1
2360,0
2361,1
2362,0
2363,0
2364,1
2365,1
2366,0
2367,0
2368,0
2369,1
2370,0
2371,0
2372,0
2373,0
2374,0
2375,0
2376,0
2377,0
2378,0
2379,0
2380,0
2381,0
2382,1
2383,1
2384,1
2385,1
2386,0
2387,1
2388,0
2389,1
2390,0
2391,0
2392,0
2393,0
2394,0
2395,0
2396,0
2397,0
2398,0
2399,0
2400,0
2401,1
2402,0
2403,1
2404,0
2405,1
2406,0
2407,0
2408,0
2409,1
2410,0
2411,0
2412,0
2413,0
2414,1
2415,0
2416,0
2417,0
2418,1
2419,0
2420,0
2421,1
2422,1
2423,0
2424,0
2425,0
2426,0
2427,0
2428,1
2429,0
2430,0
2431,1
2432,1
2433,1
2434,1
2435,0
2436,0
2437,1
2438,0
2439,1
2440,1
2441,0
2442,0
2443,0
2444,0
2445,1
2446,0
2447,0
2448,0
2449,0
2450,0
2451,0
2452,0
2453,1
2454,1
2455,0
2456,0
2457,1
2458,0
2459,0
2460,1
2461,1
2462,0
2463,1
2464,1
2465,1
2466,0
2467,0
2468,0
2469,1
2470,0
2471,0
2472,0
2473,1
2474,0
2475,0
2476,0
2477,1
2478,1
2479,1
2480,0
2481,1
2482,1
2483,0
2484,1
2485,0
2486,1
2487,1
2488,1
2489,0
2490,0
2491,1
2492,0
2493,0
2494,0
2495,0
2496,0
2497,0
2498,0
2499,0
2500,1
2501,1
2502,1
2503,1
2504,0
2505,0
2506,0
2507,0
2508,0
2509,0
2510,0
2511,0
2512,0
2513,1
2514,1
2515,1
2516,1
2517,0
2518,1
2519,0
2520,0
2521,0
2522,0
2523,0
2524,0
2525,0
2526,0
2527,0
2528,0
2529,0
2530,0
2531,0
2532,1
2533,0
2534,1
2535,0
2536,1
2537,1
2538,1
2539,0
2540,0
2541,0
2542,0
2543,0
2544,1
2545,0
2546,1
2547,0
2548,0
2549,1
2550,1
2551,1
2552,0
2553,1
2554,0
2555,1
2556,0
2557,1
2558,1
2559,1
2560,1
2561,0
2562,0
2563,0
2564,0
2565,0
2566,0
2567,1
2568,0
2569,1
2570,1
2571,1
2572,1
2573,0
2574,0
2575,1
2576,1
2577,1
2578,0
2579,0
2580,0
2581,1
2582,1
2583,0
2584,0
2585,1
2586,1
2587,0
2588,0
2589,1
2590,0
2591,0
2592,1
2593,0
2594,0
2595,0
2596,1
2597,0
2598,0
2599,1
2600,0
2601,0
2602,0
2603,1
2604,0
2605,0
2606,0
2607,0
2608,1
2609,1
2610,0
2611,1
2612,1
2613,0
2614,0
2615,0
2616,1
2617,1
2618,1
2619,1
2620,1
2621,0
2622,0
2623,1
2624,0
2625,1
2626,1
2627,0
2628,1
2629,0
2630,0
2631,0
2632,0
2633,0
2634,0
2635,0
2636,0
2637,1
2638,0
2639,0
2640,1
2641,0
2642,1
2643,0
2644,0
2645,1
2646,0
2647,0
2648,0
2649,1
2650,0
2651,1
2652,0
2653,0
2654,1
2655,1
2656,1
2657,0
2658,0
2659,1
2660,0
2661,0
2662,1
2663,1
2664,0
2665,0
2666,0
2667,1
2668,0
2669,1
2670,1
2671,0
2672,0
2673,0
2674,0
2675,1
2676,0
2677,0
2678,0
2679,0
2680,0
2681,0
2682,0
2683,0
2684,1
2685,1
2686,1
2687,0
2688,0
2689,0
2690,0
2691,1
2692,0
2693,1
2694,0
2695,0
2696,0
2697,0
2698,1
2699,0
2700,0
2701,0
2702,0
2703,1
2704,1
2705,1
2706,0
2707,0
2708,1
2709,0
2710,0
2711,1
2712,0
2713,0
2714,0
2715,0
2716,0
2717,0
2718,1
2719,1
2720,0
2721,0
2722,0
2723,0
2724,0
2725,1
2726,1
2727,0
2728,0
2729,1
2730,0
2731,0
2732,0
2733,1
2734,0
2735,0
2736,1
2737,1
2738,0
2739,0
2740,0
2741,0
2742,0
2743,0
2744,1
2745,0
2746,1
2747,1
2748,1
2749,0
2750,0
2751,0
2752,1
2753,1
2754,1
2755,0
2756,0
2757,1
2758,1
2759,0
2760,0
2761,1
2762,1
2763,1
2764,0
2765,0
2766,1
2767,1
2768,1
2769,1
2770,0
2771,1
2772,0
2773,0
2774,1
2775,1
2776,1
2777,1
2778,0
2779,0
2780,0
2781,0
2782,1
2783,0
2784,0
2785,0
2786,1
2787,0
2788,0
2789,0
2790,1
2791,1
2792,0
2793,0
2794,1
2795,1
2796,0
2797,1
2798,0
2799,1
2800,0
2801,0
2802,0
2803,0
2804,0
2805,1
2806,1
2807,1
2808,0
2809,1
2810,0
2811,0
2812,0
2813,0
2814,0
2815,1
2816,1
2817,1
2818,1
2819,0
2820,0
2821,0
2822,0
2823,0
2824,0
2825,1
2826,0
2827,0
2828,1
2829,0
2830,0
2831,1
2832,0
2833,1
2834,0
2835,0
2836,0
2837,1
2838,0
2839,0
2840,1
2841,1
2842,1
2843,0
2844,1
2845,0
2846,0
2847,0
2848,1
2849,1
2850,0
2851,0
2852,0
2853,0
2854,0
2855,0
2856,0
2857,1
2858,0
2859,0
2860,0
2861,0
2862,1
2863,0
2864,0
2865,0
2866,0
2867,1
2868,1
2869,0
2870,0
2871,0
2872,0
2873,0
2874,1
2875,0
2876,0
2877,0
2878,0
2879,1
2880,1
2881,1
2882,1
2883,0
2884,0
2885,0
2886,0
2887,1
2888,0
2889,0
2890,0
2891,0
2892,1
2893,1
2894,0
2895,0
2896,0
2897,0
2898,1
2899,0
2900,0
2901,0
2902,0
2903,1
2904,0
2905,0
2906,0
2907,0
2908,0
2909,1
2910,0
2911,1
2912,0
2913,1
2914,0
2915,1
2916,1
2917,1
2918,0
2919,1
2920,1
2921,0
2922,0
2923,0
2924,0
2925,0
2926,0
2927,1
2928,1
2929,1
2930,1
2931,1
2932,1
2933,1
2934,0
2935,1
2936,0
2937,0
2938,1
2939,1
2940,1
2941,1
2942,0
2943,0
2944,0
2945,1
2946,1
2947,0
2948,1
2949,0
2950,0
2951,0
2952,1
2953,1
2954,0
2955,0
2956,0
2957,0
2958,0
2959,0
2960,1
2961,0
2962,1
2963,0
2964,0
2965,0
2966,0
2967,0
2968,0
2969,0
2970,0
2971,0
2972,0
2973,0
2974,1
2975,0
2976,0
2977,0
2978,0
2979,0
2980,0
2981,1
2982,0
2983,0
2984,0
2985,0
2986,0
2987,0
2988,0
2989,1
2990,1
2991,0
2992,1
2993,1
2994,0
2995,0
2996,0
2997,0
2998,1
2999,0
3000,1
3001,0
3002,0
3003,0
3004,1
3005,1
3006,1
3007,0
3008,1
3009,1
3010,0
3011,0
3012,0
3013,1
3014,0
3015,0
3016,1
3017,1
3018,0
3019,0
3020,0
3021,0
3022,1
3023,0
3024,1
3025,0
3026,0
3027,0
3028,0
3029,0
3030,0
3031,1
3032,0
3033,0
3034,0
3035,0
3036,0
3037,1
3038,0
3039,1
3040,1
3041,1
3042,1
3043,0
3044,1
3045,0
3046,0
3047,1
3048,0
3049,1
3050,1
3051,0
3052,0
3053,1
3054,0
3055,1
3056,0
3057,0
3058,1
3059,1
3060,1
3061,0
3062,1
3063,0
3064,0
3065,0
3066,1
3067,1
3068,0
3069,1
3070,1
3071,0
3072,0
3073,0
3074,0
3075,0
3076,1
3077,0
3078,1
3079,0
3080,0
3081,0
3082,1
3083,1
3084,1
3085,1
3086,1
3087,0
3088,0
3089,0
3090,1
3091,0
3092,0
3093,1
3094,0
3095,0
3096,0
3097,1
3098,0
3099,0
3100,0
3101,0
3102,0
3103,0
3104,1
3105,1
3106,1
3107,0
3108,1
3109,1
3110,0
3111,0
3112,0
3113,1
3114,1
3115,1
3116,0
3117,0
3118,1
3119,0
3120,0
3121,0
3122,0
3123,1
3124,0
3125,0
3126,0
3127,0
3128,1
3129,0
3130,1
3131,1
3132,0
3133,0
3134,1
3135,1
3136,0
3137,0
3138,0
3139,0
3140,1
3141,1
3142,0
3143,0
3144,1
3145,0
3146,0
3147,0
3148,0
3149,0
3150,0
3151,0
3152,0
3153,0
3154,1
3155,1
3156,0
3157,1
3158,0
3159,0
3160,1
3161,0
3162,0
3163,1
3164,1
3165,0
3166,0
3167,0
3168,1
3169,0
3170,0
3171,0
3172,1
3173,0
3174,1
3175,0
3176,0
3177,1
3178,0
3179,0
3180,1
3181,1
3182,1
3183,1
3184,1
3185,1
3186,1
3187,1
3188,0
3189,0
3190,0
3191,0
3192,0
3193,0
3194,0
3195,1
3196,0
3197,1
3198,0
3199,0
3200,1
3201,0
3202,0
3203,0
3204,0
3205,1
3206,0
3207,1
3208,1
3209,1
3210,1
3211,0
3212,1
3213,1
3214,0
3215,1
3216,0
3217,1
3218,0
3219,0
3220,0
3221,1
3222,0
3223,0
3224,1
3225,0
3226,0
3227,0
3228,1
3229,1
3230,1
3231,0
3232,0
3233,0
3234,1
3235,1
3236,0
3237,0
3238,1
3239,0
3240,1
3241,0
3242,0
3243,0
3244,0
3245,0
3246,0
3247,0
3248,0
3249,1
3250,1
3251,1
3252,1
3253,0
3254,1
3255,0
3256,1
3257,1
3258,1
3259,0
3260,1
3261,1
3262,0
3263,0
3264,1
3265,0
3266,0
3267,1
3268,1
3269,1
3270,0
3271,0
3272,0
3273,0
3274,0
3275,0
3276,0
3277,0
3278,0
3279,1
3280,0
3281,1
3282,0
3283,0
3284,1
3285,0
3286,0
3287,0
3288,0
3289,0
3290,0
3291,1
3292,0
3293,1
3294,1
3295,1
3296,0
3297,0
3298,0
3299,0
3300,0
3301,0
3302,1
3303,0
3304,0
3305,0
3306,1
3307,1
3308,0
3309,0
3310,0
3311,0
3312,0
3313,1
3314,0
3315,0
3316,1
3317,1
3318,0
3319,1
3320,0
3321,0
3322,1
3323,0
3324,1
3325,1
3326,0
3327,0
3328,0
3329,0
3330,0
3331,1
3332,0
3333,0
3334,0
3335,0
3336,0
3337,1
3338,0
3339,1
3340,0
3341,0
3342,0
3343,1
3344,0
3345,0
3346,0
3347,1
3348,0
3349,0
3350,0
3351,0
3352,0
3353,0
3354,1
3355,0
3356,1
3357,1
3358,0
3359,0
3360,1
3361,0
3362,1
3363,1
3364,1
3365,0
3366,0
3367,1
3368,1
3369,1
3370,1
3371,0
3372,1
3373,1
3374,1
3375,1
3376,0
3377,0
3378,0
3379,0
3380,1
3381,0
3382,1
3383,0
3384,0
3385,1
3386,1
3387,0
3388,1
3389,0
3390,1
3391,0
3392,0
3393,0
3394,1
3395,0
3396,0
3397,0
3398,0
3399,0
3400,0
3401,1
3402,0
3403,0
3404,1
3405,1
3406,0
3407,1
3408,0
3409,0
3410,0
3411,1
3412,0
3413,0
3414,1
3415,1
3416,0
3417,0
3418,0
3419,0
3420,0
3421,0
3422,1
3423,0
3424,0
3425,0
3426,1
3427,0
3428,0
3429,1
3430,1
3431,0
3432,0
3433,0
3434,0
3435,1
3436,1
3437,1
3438,0
3439,0
3440,0
3441,0
3442,0
3443,0
3444,1
3445,1
3446,1
3447,1
3448,0
3449,1
3450,1
3451,0
3452,1
3453,1
3454,1
3455,1
3456,0
3457,1
3458,0
3459,0
3460,0
3461,0
3462,0
3463,1
3464,0
3465,1
3466,0
3467,0
3468,0
3469,0
3470,0
3471,0
3472,0
3473,1
3474,1
3475,0
3476,0
3477,1
3478,1
3479,1
3480,1
3481,0
3482,0
3483,1
3484,0
3485,0
3486,1
3487,0
3488,1
3489,1
3490,0
3491,0
3492,0
3493,0
3494,0
3495,1
3496,0
3497,1
3498,0
3499,0
3500,0
3501,1
3502,1
3503,1
3504,0
3505,0
3506,0
3507,1
3508,0
3509,0
3510,1
3511,0
3512,1
3513,1
3514,0
3515,1
3516,0
3517,0
3518,0
3519,1
3520,1
3521,0
3522,0
3523,0
3524,1
3525,0
3526,1
3527,1
3528,0
3529,0
3530,0
3531,1
3532,0
3533,0
3534,1
3535,0
3536,0
3537,0
3538,0
3539,0
3540,1
3541,1
3542,1
3543,1
3544,0
3545,0
3546,0
3547,1
3548,1
3549,1
3550,0
3551,1
3552,0
3553,0
3554,0
3555,1
3556,0
3557,0
3558,0
3559,0
3560,1
3561,0
3562,1
3563,0
3564,0
3565,1
3566,0
3567,1
3568,1
3569,1
3570,0
3571,0
3572,0
3573,1
3574,1
3575,1
3576,0
3577,0
3578,0
3579,0
3580,1
3581,1
3582,1
3583,1
3584,0
3585,0
3586,0
3587,0
3588,0
3589,0
3590,0
3591,0
3592,0
3593,0
3594,0
3595,0
3596,0
3597,1
3598,0
3599,1
3600,1
3601,1
3602,0
3603,1
3604,0
3605,1
3606,0
3607,1
3608,0
3609,0
3610,0
3611,0
3612,0
3613,0
3614,0
3615,1
3616,1
3617,0
3618,1
3619,1
3620,1
3621,0
3622,1
3623,1
3624,1
3625,0
3626,1
3627,0
3628,0
3629,1
3630,0
3631,1
3632,0
3633,0
3634,0
3635,0
3636,1
3637,1
3638,0
3639,0
3640,0
3641,0
3642,0
3643,0
3644,0
3645,1
3646,1
3647,0
3648,0
3649,0
3650,1
3651,1
3652,1
3653,0
3654,0
3655,0
3656,0
3657,1
3658,0
3659,1
3660,1
3661,1
3662,1
3663,0
3664,1
3665,0
3666,1
3667,0
3668,0
3669,0
3670,1
3671,1
3672,1
3673,1
3674,1
3675,1
3676,1
3677,0
3678,1
3679,0
3680,1
3681,0
3682,1
3683,0
3684,1
3685,0
3686,0
3687,0
3688,1
3689,0
3690,0
3691,1
3692,1
3693,0
3694,0
3695,1
3696,1
3697,0
3698,0
3699,0
3700,0
3701,0
3702,1
3703,0
3704,0
3705,0
3706,0
3707,1
3708,0
3709,1
3710,0
3711,0
3712,0
3713,1
3714,0
3715,1
3716,0
3717,1
3718,1
3719,0
3720,1
3721,0
3722,0
3723,1
3724,0
3725,0
3726,1
3727,0
3728,1
3729,1
3730,0
3731,1
3732,0
3733,1
3734,1
3735,0
3736,1
3737,1
3738,0
3739,0
3740,1
3741,1
3742,0
3743,0
3744,0
3745,0
3746,1
3747,1
3748,0
3749,1
3750,0
3751,0
3752,1
3753,0
3754,0
3755,0
3756,0
3757,0
3758,0
3759,1
3760,1
3761,0
3762,1
3763,1
3764,0
3765,1
3766,0
3767,0
3768,1
3769,1
3770,0
3771,0
3772,1
3773,0
3774,0
3775,0
3776,1
3777,1
3778,1
3779,1
3780,0
3781,0
3782,0
3783,0
3784,0
3785,0
3786,0
3787,1
3788,0
3789,0
3790,0
3791,0
3792,0
3793,0
3794,1
3795,0
3796,0
3797,0
3798,0
3799,1
3800,0
3801,1
3802,0
3803,0
3804,0
3805,0
3806,0
3807,0
3808,0
3809,0
3810,0
3811,0
3812,1
3813,1
3814,0
3815,0
3816,0
3817,0
3818,0
3819,0
3820,0
3821,1
3822,0
3823,1
3824,1
3825,1
3826,0
3827,0
3828,1
3829,1
3830,1
3831,1
3832,0
3833,0
3834,1
3835,0
3836,0
3837,1
3838,1
3839,1
3840,1
3841,0
3842,0
3843,0
3844,0
3845,0
3846,0
3847,1
3848,0
3849,1
3850,0
3851,0
3852,0
3853,0
3854,1
3855,0
3856,0
3857,1
3858,0
3859,1
3860,0
3861,0
3862,1
3863,1
3864,1
3865,1
3866,0
3867,0
3868,0
3869,1
3870,1
3871,0
3872,0
3873,1
3874,1
3875,0
3876,1
3877,1
3878,0
3879,0
3880,0
3881,0
3882,1
3883,0
3884,1
3885,0
3886,0
3887,1
3888,0
3889,1
3890,1
3891,1
3892,1
3893,1
3894,0
3895,1
3896,1
3897,0
3898,0
3899,0
3900,1
3901,1
3902,0
3903,1
3904,0
3905,0
3906,0
3907,0
3908,0
3909,0
3910,1
3911,1
3912,0
3913,1
3914,0
3915,1
3916,0
3917,1
3918,1
3919,0
3920,0
3921,1
3922,0
3923,0
3924,1
3925,0
3926,0
3927,0
3928,0
3929,0
3930,0
3931,0
3932,1
3933,1
3934,0
3935,1
3936,0
3937,0
3938,1
3939,0
3940,1
3941,0
3942,1
3943,1
3944,0
3945,0
3946,0
3947,0
3948,0
3949,0
3950,1
3951,0
3952,0
3953,0
3954,1
3955,0
3956,1
3957,1
3958,1
3959,0
3960,0
3961,1
3962,0
3963,0
3964,0
3965,1
3966,1
3967,0
3968,0
3969,0
3970,1
3971,0
3972,1
3973,1
3974,0
3975,0
3976,0
3977,0
3978,0
3979,0
3980,0
3981,1
3982,1
3983,0
3984,0
3985,0
3986,0
3987,1
3988,0
3989,1
3990,1
3991,0
3992,0
3993,0
3994,1
3995,0
3996,0
3997,0
3998,0
3999,0
4000,1
4001,0
4002,0
4003,1
4004,0
4005,0
4006,0
4007,0
4008,1
4009,0
4010,0
4011,0
4012,1
4013,1
4014,0
4015,0
4016,0
4017,0
4018,0
4019,0
4020,0
4021,0
4022,1
4023,0
4024,0
4025,0
4026,0
4027,0
4028,0
4029,0
4030,0
4031,0
4032,1
4033,1
4034,1
4035,0
4036,0
4037,0
4038,0
4039,0
4040,0
4041,1
4042,0
4043,1
4044,1
4045,0
4046,0
4047,1
4048,0
4049,0
4050,0
4051,0
4052,0
4053,1
4054,0
4055,0
4056,0
4057,1
4058,0
4059,0
4060,1
4061,0
4062,0
4063,0
4064,0
4065,1
4066,0
4067,0
4068,1
4069,0
4070,1
4071,0
4072,0
4073,1
4074,0
4075,0
4076,0
4077,0
4078,0
4079,0
4080,0
4081,1
4082,0
4083,0
4084,0
4085,1
4086,1
4087,0
4088,1
4089,1
4090,0
4091,1
4092,0
4093,0
4094,1
4095,0
4096,1
4097,0
4098,1
4099,0
4100,1
4101,1
4102,0
4103,1
4104,0
4105,1
4106,1
4107,0
4108,0
4109,0
4110,0
4111,1
4112,0
4113,0
4114,0
4115,1
4116,1
4117,1
4118,0
4119,0
4120,0
4121,0
4122,0
4123,0
4124,0
4125,0
4126,1
4127,1
4128,0
4129,0
4130,0
4131,1
4132,1
4133,1
4134,0
4135,0
4136,1
4137,0
4138,1
4139,0
4140,1
4141,1
4142,1
4143,0
4144,0
4145,0
4146,1
4147,0
4148,1
4149,1
4150,0
4151,0
4152,1
4153,0
4154,1
4155,0
4156,0
4157,0
4158,0
4159,0
4160,0
4161,0
4162,0
4163,1
4164,1
4165,0
4166,0
4167,1
4168,1
4169,1
4170,0
4171,0
4172,0
4173,1
4174,1
4175,0
4176,0
4177,0
4178,1
4179,0
4180,0
4181,1
4182,1
4183,0
4184,0
4185,0
4186,1
4187,0
4188,1
4189,0
4190,0
4191,1
4192,1
4193,1
4194,1
4195,0
4196,0
4197,0
4198,1
4199,0
4200,1
4201,0
4202,1
4203,0
4204,1
4205,0
4206,0
4207,1
4208,0
4209,1
4210,0
4211,0
4212,0
4213,0
4214,0
4215,0
4216,0
4217,0
4218,1
4219,0
4220,0
4221,1
4222,1
4223,0
4224,0
4225,1
4226,1
4227,1
4228,0
4229,0
4230,0
4231,1
4232,0
4233,0
4234,0
4235,0
4236,0
4237,1
4238,1
4239,0
4240,0
4241,0
4242,1
4243,0
4244,0
4245,1
4246,0
4247,0
4248,0
4249,0
4250,1
4251,1
4252,0
4253,1
4254,0
4255,1
4256,1
4257,0
4258,1
4259,1
4260,0
4261,1
4262,0
4263,0
4264,1
4265,1
4266,1
4267,1
4268,1
4269,0
4270,0
4271,1
4272,1
4273,1
4274,0
4275,0
4276,0
4277,1
4278,0
4279,0
4280,0
4281,0
4282,0
4283,0
4284,1
4285,0
4286,0
4287,1
4288,0
4289,0
4290,0
4291,0
4292,0
4293,1
4294,1
4295,1
4296,0
4297,0
4298,1
4299,0
4300,0
4301,0
4302,0
4303,1
4304,1
4305,0
4306,0
4307,0
4308,1
4309,1
4310,1
4311,0
4312,1
4313,1
4314,1
4315,1
4316,1
4317,0
4318,1
4319,0
4320,1
4321,0
4322,0
4323,0
4324,1
4325,0
4326,0
4327,1
4328,1
4329,0
4330,1
4331,0
4332,0
4333,0
4334,1
4335,1
4336,0
4337,0
4338,1
4339,0
4340,0
4341,0
4342,0
4343,0
4344,1
4345,1
4346,0
4347,0
4348,0
4349,1
4350,1
4351,1
4352,0
4353,0
4354,0
4355,0
4356,0
4357,0
4358,0
4359,1
4360,1
4361,0
4362,1
4363,1
4364,0
4365,1
4366,1
4367,0
4368,0
4369,0
4370,0
4371,1
4372,0
4373,0
4374,0
4375,0
4376,0
4377,0
4378,1
4379,1
4380,0
4381,0
4382,1
4383,0
4384,0
4385,1
4386,1
4387,0
4388,1
4389,0
4390,1
4391,1
4392,0
4393,0
4394,0
4395,1
4396,1
4397,1
4398,1
4399,0
4400,0
4401,0
4402,1
4403,0
4404,1
4405,1
4406,0
4407,0
4408,0
4409,1
4410,0
4411,0
4412,0
4413,0
4414,1
4415,0
4416,1
4417,0
4418,1
4419,0
4420,0
4421,0
4422,0
4423,0
4424,1
4425,1
4426,0
4427,0
4428,0
4429,0
4430,0
4431,1
4432,1
4433,0
4434,1
4435,0
4436,1
4437,0
4438,0
4439,1
4440,0
4441,1
4442,0
4443,0
4444,0
4445,0
4446,0
4447,0
4448,0
4449,0
4450,1
4451,1
4452,0
4453,1
4454,1
4455,1
4456,1
4457,0
4458,1
4459,0
4460,0
4461,1
4462,0
4463,0
4464,0
4465,0
4466,1
4467,0
4468,0
4469,0
4470,0
4471,0
4472,0
4473,1
4474,1
4475,0
4476,1
4477,1
4478,0
4479,1
4480,0
4481,1
4482,1
4483,1
4484,0
4485,0
4486,0
4487,0
4488,0
4489,0
4490,0
4491,0
4492,1
4493,0
4494,0
4495,1
4496,1
4497,0
4498,0
4499,0
4500,0
4501,0
4502,0
4503,0
4504,0
4505,0
4506,1
4507,0
4508,0
4509,1
4510,0
4511,0
4512,0
4513,0
4514,1
4515,0
4516,1
4517,1
4518,1
4519,1
4520,1
4521,0
4522,0
4523,0
4524,0
4525,1
4526,1
4527,0
4528,0
4529,0
4530,0
4531,1
4532,1
4533,0
4534,1
4535,0
4536,0
4537,0
4538,0
4539,0
4540,0
4541,0
4542,0
4543,0
4544,1
4545,0
4546,0
4547,0
4548,1
4549,0
4550,0
4551,0
4552,0
4553,1
4554,1
4555,1
4556,0
4557,0
4558,1
4559,0
4560,1
4561,0
4562,0
4563,0
4564,0
4565,1
4566,0
4567,0
4568,0
4569,0
4570,0
4571,1
4572,1
4573,0
4574,1
4575,0
4576,0
4577,0
4578,1
4579,1
4580,0
4581,0
4582,0
4583,0
4584,0
4585,0
4586,0
4587,1
4588,1
4589,1
4590,0
4591,0
4592,0
4593,0
4594,1
4595,0
4596,0
4597,0
4598,0
4599,1
4600,0
4601,0
4602,1
4603,0
4604,0
4605,0
4606,0
4607,1
4608,0
4609,1
4610,0
4611,0
4612,1
4613,1
4614,1
4615,1
4616,1
4617,0
4618,0
4619,0
4620,0
4621,0
4622,0
4623,0
4624,0
4625,0
4626,1
4627,0
4628,1
4629,1
4630,1
4631,1
4632,0
4633,0
4634,1
4635,0
4636,0
4637,0
4638,1
4639,0
4640,0
4641,0
4642,1
4643,0
4644,1
4645,0
4646,0
4647,1
4648,0
4649,0
4650,0
4651,1
4652,1
4653,1
4654,0
4655,0
4656,1
4657,0
4658,0
4659,0
4660,0
4661,1
4662,1
4663,0
4664,0
4665,1
4666,1
4667,1
4668,0
4669,1
4670,1
4671,0
4672,1
4673,1
4674,0
4675,1
4676,0
4677,1
4678,1
4679,0
4680,0
4681,0
4682,0
4683,0
4684,1
4685,0
4686,1
4687,0
4688,1
4689,0
4690,1
4691,1
4692,0
4693,1
4694,0
4695,0
4696,0
4697,0
4698,0
4699,0
4700,1
4701,1
4702,0
4703,1
4704,0
4705,0
4706,0
4707,0
4708,1
4709,0
4710,1
4711,0
4712,1
4713,1
4714,0
4715,0
4716,0
4717,0
4718,1
4719,0
4720,0
4721,1
4722,0
4723,1
4724,1
4725,0
4726,0
4727,1
4728,0
4729,0
4730,1
4731,0
4732,0
4733,0
4734,0
4735,0
4736,0
4737,1
4738,1
4739,1
4740,0
4741,0
4742,1
4743,1
4744,1
4745,1
4746,0
4747,1
4748,1
4749,0
4750,1
4751,0
4752,0
4753,0
4754,0
4755,1
4756,0
4757,1
4758,0
4759,0
4760,0
4761,0
4762,0
4763,1
4764,0
4765,0
4766,0
4767,1
4768,0
4769,0
4770,1
4771,1
4772,1
4773,0
4774,1
4775,0
4776,0
4777,0
4778,0
4779,0
4780,0
4781,1
4782,0
4783,0
4784,1
4785,1
4786,0
4787,0
4788,1
4789,0
4790,0
4791,1
4792,0
4793,0
4794,1
4795,0
4796,1
4797,0
4798,0
4799,0
4800,1
4801,1
4802,0
4803,0
4804,0
4805,0
4806,0
4807,0
4808,0
4809,0
4810,0
4811,0
4812,0
4813,0
4814,0
4815,1
4816,0
4817,1
4818,0
4819,1
4820,0
4821,0
4822,1
4823,1
4824,1
4825,1
4826,0
4827,0
4828,0
4829,0
4830,0
4831,0
4832,0
4833,0
4834,0
4835,0
4836,0
4837,0
4838,0
4839,0
4840,1
4841,1
4842,1
4843,0
4844,0
4845,0
4846,1
4847,1
4848,1
4849,1
4850,0
4851,1
4852,0
4853,0
4854,0
4855,1
4856,0
4857,0
4858,0
4859,0
4860,1
4861,0
4862,1
4863,0
4864,0
4865,1
4866,1
4867,1
4868,0
4869,0
4870,1
4871,0
4872,0
4873,0
4874,1
4875,1
4876,0
4877,1
4878,0
4879,0
4880,1
4881,0
4882,0
4883,0
4884,0
4885,0
4886,0
4887,0
4888,1
4889,1
4890,0
4891,0
4892,0
4893,0
4894,0
4895,0
4896,0
4897,0
4898,0
4899,1
4900,0
4901,1
4902,0
4903,0
4904,0
4905,1
4906,0
4907,1
4908,0
4909,1
4910,1
4911,1
4912,0
4913,0
4914,1
4915,1
4916,1
4917,0
4918,0
4919,0
4920,0
4921,0
4922,0
4923,1
4924,1
4925,0
4926,1
4927,0
4928,0
4929,0
4930,1
4931,0
4932,0
4933,0
4934,0
4935,1
4936,0
4937,0
4938,0
4939,0
4940,0
4941,1
4942,1
4943,0
4944,1
4945,1
4946,0
4947,1
4948,0
4949,0
4950,1
4951,0
4952,1
4953,0
4954,0
4955,1
4956,0
4957,1
4958,0
4959,0
4960,0
4961,1
4962,1
4963,0
4964,1
4965,0
4966,1
4967,0
4968,1
4969,1
4970,0
4971,0
4972,0
4973,0
4974,0
4975,1
4976,0
4977,1
4978,0
4979,0
4980,0
4981,1
4982,0
4983,0
4984,1
4985,0
4986,0
4987,0
4988,0
4989,0
4990,1
4991,1
4992,0
4993,0
4994,1
4995,0
4996,1
4997,0
4998,0
4999,1
5000,1
5001,0
5002,0
5003,0
5004,0
5005,1
5006,1
5007,0
5008,1
5009,1
5010,1
5011,0
5012,0
5013,0
5014,0
5015,0
5016,1
5017,1
5018,0
5019,0
5020,0
5021,0
5022,1
5023,0
5024,0
5025,0
5026,0
5027,1
5028,0
5029,1
5030,1
5031,0
5032,1
5033,1
5034,1
5035,0
5036,1
5037,0
5038,1
5039,0
5040,0
5041,1
5042,0
5043,0
5044,0
5045,0
5046,0
5047,1
5048,0
5049,1
5050,1
5051,0
5052,0
5053,1
5054,0
5055,0
5056,1
5057,0
5058,0
5059,0
5060,1
5061,0
5062,0
5063,1
5064,1
5065,0
5066,1
5067,1
5068,0
5069,0
5070,0
5071,1
5072,1
5073,0
5074,0
5075,1
5076,0
5077,1
5078,1
5079,1
5080,0
5081,0
5082,0
5083,0
5084,0
5085,0
5086,0
5087,0
5088,0
5089,0
5090,1
5091,0
5092,0
5093,1
5094,1
5095,1
5096,1
5097,1
5098,0
5099,1
5100,0
5101,0
5102,1
5103,0
5104,0
5105,0
5106,1
5107,0
5108,0
5109,0
5110,1
5111,0
5112,0
5113,0
5114,0
5115,1
5116,0
5117,1
5118,0
5119,1
5120,1
5121,0
5122,0
5123,0
5124,0
5125,1
5126,0
5127,0
5128,1
5129,1
5130,0
5131,1
5132,0
5133,0
5134,0
5135,0
5136,0
5137,1
5138,0
5139,0
5140,1
5141,0
5142,0
5143,0
5144,0
5145,1
5146,0
5147,0
5148,0
5149,0
5150,1
5151,0
5152,1
5153,0
5154,0
5155,1
5156,0
5157,1
5158,1
5159,0
5160,0
5161,0
5162,1
5163,0
5164,1
5165,1
5166,1
5167,1
5168,1
5169,0
5170,1
5171,0
5172,1
5173,0
5174,0
5175,1
5176,1
5177,0
5178,0
5179,0
5180,1
5181,1
5182,0
5183,0
5184,0
5185,1
5186,0
5187,1
5188,1
5189,1
5190,1
5191,0
5192,0
5193,1
5194,1
5195,1
5196,0
5197,0
5198,1
5199,0
5200,1
5201,1
5202,0
5203,1
5204,0
5205,0
5206,0
5207,0
5208,0
5209,0
5210,0
5211,0
5212,1
5213,0
5214,1
5215,1
5216,0
5217,0
5218,0
5219,0
5220,0
5221,0
5222,0
5223,0
5224,0
5225,1
5226,1
5227,1
5228,0
5229,1
5230,0
5231,0
5232,0
5233,0
5234,1
5235,1
5236,1
5237,1
5238,1
5239,0
5240,0
5241,1
5242,1
5243,1
5244,0
5245,0
5246,0
5247,0
5248,0
5249,1
5250,0
5251,1
5252,0
5253,1
5254,0
5255,0
5256,0
5257,1
5258,1
5259,0
5260,0
5261,0
5262,0
5263,1
5264,0
5265,0
5266,1
5267,1
5268,1
5269,0
5270,0
5271,0
5272,0
5273,0
5274,1
5275,1
5276,1
5277,1
5278,0
5279,0
5280,0
5281,0
5282,0
5283,1
5284,0
5285,0
5286,1
5287,0
5288,1
5289,1
5290,1
5291,1
5292,0
5293,1
5294,0
5295,0
5296,1
5297,0
5298,0
5299,0
5300,0
5301,1
5302,1
5303,0
5304,0
5305,0
5306,0
5307,1
5308,0
5309,1
5310,1
5311,1
5312,0
5313,0
5314,1
5315,0
5316,1
5317,1
5318,1
5319,1
5320,0
5321,0
5322,1
5323,1
5324,0
5325,1
5326,0
5327,0
5328,1
5329,0
5330,0
5331,0
5332,0
5333,0
5334,0
5335,1
5336,1
5337,1
5338,0
5339,0
5340,1
5341,0
5342,0
5343,0
5344,0
5345,0
5346,0
5347,0
5348,0
5349,0
5350,1
5351,0
5352,1
5353,0
5354,1
5355,0
5356,0
5357,0
5358,1
5359,0
5360,0
5361,0
5362,0
5363,1
5364,0
5365,0
5366,0
5367,1
5368,0
5369,1
5370,0
5371,0
5372,1
5373,0
5374,0
5375,1
5376,1
5377,0
5378,1
5379,0
5380,1
5381,0
5382,0
5383,0
5384,1
5385,0
5386,0
5387,0
5388,0
5389,0
5390,0
5391,1
5392,1
5393,0
5394,0
5395,0
5396,1
5397,0
5398,0
5399,0
5400,0
5401,1
5402,1
5403,0
5404,0
5405,1
5406,0
5407,0
5408,1
5409,0
5410,1
5411,1
5412,0
5413,0
5414,1
5415,1
5416,0
5417,1
5418,1
5419,1
5420,1
5421,1
5422,1
5423,1
5424,1
5425,0
5426,0
5427,1
5428,1
5429,0
5430,1
5431,1
5432,0
5433,0
5434,0
5435,1
5436,0
5437,1
5438,0
5439,0
5440,0
5441,1
5442,1
5443,0
5444,0
5445,1
5446,0
5447,0
5448,1
5449,0
5450,0
5451,0
5452,0
5453,1
5454,1
5455,0
5456,0
5457,0
5458,1
5459,0
5460,1
5461,0
5462,0
5463,1
5464,0
5465,1
5466,0
5467,0
5468,0
5469,0
5470,0
5471,0
5472,1
5473,0
5474,0
5475,1
5476,0
5477,0
5478,0
5479,0
5480,0
5481,0
5482,0
5483,0
5484,0
5485,0
5486,0
5487,0
5488,0
5489,0
5490,1
5491,0
5492,0
5493,1
5494,1
5495,0
5496,1
5497,0
5498,0
5499,0
5500,0
5501,0
5502,1
5503,1
5504,0
5505,0
5506,1
5507,0
5508,0
5509,0
5510,0
5511,1
5512,0
5513,0
5514,0
5515,0
5516,1
5517,0
5518,0
5519,0
5520,0
5521,1
5522,0
5523,0
5524,0
5525,0
5526,0
5527,0
5528,1
5529,0
5530,1
5531,0
5532,1
5533,1
5534,0
5535,1
5536,0
5537,0
5538,0
5539,0
5540,1
5541,0
5542,0
5543,1
5544,0
5545,1
5546,0
5547,0
5548,1
5549,1
5550,1
5551,1
5552,0
5553,1
5554,0
5555,0
5556,0
5557,0
5558,0
5559,0
5560,0
5561,0
5562,0
5563,1
5564,1
5565,0
5566,0
5567,0
5568,0
5569,0
5570,0
5571,0
5572,0
5573,0
5574,1
5575,1
5576,0
5577,1
5578,0
5579,1
5580,0
5581,0
5582,1
5583,0
5584,1
5585,0
5586,0
5587,0
5588,1
5589,1
5590,1
5591,0
5592,1
5593,1
5594,1
5595,1
5596,1
5597,0
5598,1
5599,0
5600,1
